25
Add
Circuit_1
3
2
00010
00100
01000
01110
10000
10111
11001
11111
Add
Circuit_2
3
2
00010
00100
01000
01110
10000
10111
11001
11111
Add
Circuit_3
3
2
00011
00101
01000
01110
10000
10111
11001
11111
Add
Circuit_4
3
2
00011
00110
01000
01101
10000
10111
11010
11111
Find
Circuit_5
3
2
00011
00110
01000
01101
10000
10111
11010
11111
Delete
Circuit_6
3
2
00011
00101
01000
01110
10000
10111
11001
11111
Delete
Circuit_7
3
2
00011
00101
01011
01110
10000
10111
11001
11111
Find
Circuit_8
3
2
00011
00101
01000
11111
01110
10000
10111
11001
Add
Circuit_9
3
2
00011
00101
01000
11111
01110
10000
10111
11001
Find
Circuit_10
3
2
00011
00101
01000
11111
01110
10000
10111
11001
Delete
Circuit_11
3
2
00011
00101
01000
11111
01110
10000
11000
10111
Delete
Circuit_12
3
2
00011
00101
01000
11111
01110
10000
11001
10111